9
15
20
27
40
42
53
60
62
74
269
1722
2265
2271
2276
2280
2285
2286
2288
2290
2291
2292
2293
2294
2295
2296
2297
2299
2300
2301
2302
2303
2304
2306
2307
2309
2310
2311
2312
2313
2314
2315
2316
2317
2318
2319
2320
2321
2322
2325
2326
2327
2328
2331
2332
2338
2339
2345
2346
2347
2348
2350
2353
2356
2357
2358
2360
2362
2363
2365
2366
2367
2368
2369
2370
2374
2375
2376
2377
2378
2379
2380
2381
2382
2383
2384
2385
2386
2387
2388
2389
2390
2391
2392
2393
2394
2395
2396
2397
2398
2400
2401
2402
2403
2404
2405
2406
2407
2408
2409
2418
2419
2420
2421
2422
2423
2424
2425
2426
2427
2428
2430
2431
2432
2435
2436
2437
2438
2439
2440
2441
2442
2444
2446
2447
2448
2449
2450
2451
2452
2453
2454
2471
2478
2484
2496
2519
2532
2539
2545
2568
2569
2573
2582
2589
2593
2598
2600
2601
2604
2606
2607
2612
2616
2626
2627
2631
2633
2643
2652
2665
2666
2667
2671
2672
2673
2684
2697
2699
2702
2724
2736
2749
2838
2856
2867
2875
2882
2915
2938
2949
2951
2952
2953
2985
2998
2999
3000
3001
3002
3003
3016
3019
3067
3073
3080
3081
3111
3113
3126
3128
3151
3161
3162
3175
3176
3177
3182
3185
3199
3252
3305
3332
3364
3371
3375
3393
3400
3412
3417
3420
3422
3423
3424
3442
3454
3464
3475
3477
3479
3487
3492
3505
3512
3513
3527
3529
3530
3535
3536
3551
3572
3574
3579
3583
3585
3586
3588
3590
3598
3600
3605
3606
3608
3614
3617
3621
3623
3642
3643
3644
3646
3664
3672
3704
3705
3710
3716
3724
3725
3727
3728
3729
3730
3731
3732
3733
3734
3735
3736
3737
3741
3744
3747
3760
3761
3768
3773
3784
3786
3794
3799
3828
3837
3857
3862
3884
3885
3886
3887
3888
3889
3890
3891
3892
3893
3894
3896
3897
3898
3899
3900
3901
3902
3903
3904
3905
3906
3907
3908
3909
3910
3911
3912
3913
3914
3915
3916
3917
3918
3923
3925
3929
3946
3947
3955
3965
3975
3981
3987
4000
4002
4006
4020
4031
4041
4044
4047
4058
4064
4067
4075
4076
4081
4090
4111
4113
4124
4129
4130
4134
4152
4159
4160
4166
4185
4212
4227
4230
4232
4248
4255
4257
4258
4281
4282
4283
4284
4285
4286
4287
4288
4309
4333
4334
4364
4390
4415
4421
4431
4432
4433
4438
4465
4491
4506
4536
4539
4588
4665
4711
4713
4715
4761
4771
4796
4819
4820
4822
4828
4833
4863
4867
4885
4900
4912
4923
4924
4927
4945
4956
4967
4971
4973
5026
5027
5034
5038
5040
5041
5042
5043
5044
5045
5046
5047
5048
5049
5050
5051
5052
5053
5054
5055
5091
5106
5108
5129
5150
5154
5156
5202
5213
5214
5215
5216
5217
5224
5233
5274
5280
5281
5282
5283
5284
5285
5286
5287
5289
5290
5315
5316
5325
5340
5341
5390
5393
5456
5472
5492
5507
5551
5552
5581
5582
5703
